
Матрица P^1:
A: 0.326893 0.194453 0.197881 0.280773
C: 0.439938 0.225873 0.030801 0.303388
G: 0.303824 0.170770 0.287061 0.238345
T: 0.246505 0.190590 0.227071 0.335834

Матрица P^2:
A: 0.321739 0.194792 0.191235 0.292234
C: 0.327328 0.199648 0.171745 0.301279
G: 0.320416 0.192099 0.201906 0.285579
T: 0.316203 0.193766 0.196091 0.293940

Матрица P^3:
A: 0.321010 0.194915 0.190920 0.293155
C: 0.321281 0.195495 0.188634 0.294590
G: 0.320994 0.194604 0.192127 0.292275
T: 0.320645 0.194762 0.191574 0.293020

Матрица P^5:
A: 0.320953 0.194924 0.190897 0.293227
C: 0.320951 0.194931 0.190868 0.293250
G: 0.320954 0.194920 0.190911 0.293214
T: 0.320952 0.194921 0.190906 0.293221

Матрица P^10:
A: 0.320953 0.194924 0.190897 0.293227
C: 0.320953 0.194924 0.190897 0.293227
G: 0.320953 0.194924 0.190897 0.293227
T: 0.320953 0.194924 0.190897 0.293227

Матрица P^20:
A: 0.320953 0.194924 0.190897 0.293227
C: 0.320953 0.194924 0.190897 0.293227
G: 0.320953 0.194924 0.190897 0.293227
T: 0.320953 0.194924 0.190897 0.293227

Матрица P^100:
A: 0.320953 0.194924 0.190897 0.293227
C: 0.320953 0.194924 0.190897 0.293227
G: 0.320953 0.194924 0.190897 0.293227
T: 0.320953 0.194924 0.190897 0.293227

Матрица P^1000:
A: 0.320953 0.194924 0.190897 0.293227
C: 0.320953 0.194924 0.190897 0.293227
G: 0.320953 0.194924 0.190897 0.293227
T: 0.320953 0.194924 0.190897 0.293227


Стационарное распределение π:
A: 0.320953
C: 0.194924
G: 0.190897
T: 0.293227

Максимальное отклонение строк P^1000 от π: 0.0000000000000002

Видим по графику, что стабилизация происходит достаточно быстро, уже при k примерно 
равным 19 (если смотреть с точностью машинного эпсилон). Если же мы посмотрим на возведенные 
в степень матрицы, то увидим, что уже при k=10 у нас все сошлось (но учтем, что здесь 
порядок точности е-6).